
DEBUG TRACE for one aircraft running for one hour with time-step of 0.0166 hours (1 minute):

--------------------------------------------------------------------------------------------------------------
SimElapsedTime | Company | ID | Aircraft Miles | Passenger Miles | Faults | TimeCharging | TimeWaitingToCharge
---------------------------------------------------------------------------------------------------------------
0.0000           Echo      0    0.50             1.00               0.01       0.00          0.00
0.0166           Echo      0    1.00             1.99               0.02       0.00          0.00
0.0332           Echo      0    1.49             2.99               0.03       0.00          0.00
0.0498           Echo      0    1.99             3.98               0.04       0.00          0.00
0.0664           Echo      0    2.49             4.98               0.05       0.00          0.00
0.0830           Echo      0    2.99             5.98               0.06       0.00          0.00
0.0996           Echo      0    3.49             6.97               0.07       0.00          0.00
0.1162           Echo      0    3.98             7.97               0.08       0.00          0.00
0.1328           Echo      0    4.48             8.96               0.09       0.00          0.00
0.1494           Echo      0    4.98             9.96               0.10       0.00          0.00
0.1660           Echo      0    5.48             10.96              0.11       0.00          0.00
0.1826           Echo      0    5.98             11.95              0.12       0.00          0.00
0.1992           Echo      0    6.47             12.95              0.13       0.00          0.00
0.2158           Echo      0    6.97             13.94              0.14       0.00          0.00
0.2324           Echo      0    7.47             14.94              0.15       0.00          0.00
0.2490           Echo      0    7.97             15.94              0.16       0.00          0.00
0.2656           Echo      0    8.47             16.93              0.17       0.00          0.00
0.2822           Echo      0    8.96             17.93              0.18       0.00          0.00
0.2988           Echo      0    9.46             18.92              0.19       0.00          0.00
0.3154           Echo      0    9.96             19.92              0.20       0.00          0.00
0.3320           Echo      0    10.46            20.92              0.21       0.00          0.00
0.3486           Echo      0    10.96            21.91              0.22       0.00          0.00
0.3652           Echo      0    11.45            22.91              0.23       0.00          0.00
0.3818           Echo      0    11.95            23.90              0.24       0.00          0.00
0.3984           Echo      0    12.45            24.90              0.25       0.00          0.00
0.4150           Echo      0    12.95            25.90              0.26       0.00          0.00
0.4316           Echo      0    13.45            26.89              0.27       0.00          0.00
0.4482           Echo      0    13.94            27.89              0.28       0.00          0.00
0.4648           Echo      0    14.44            28.88              0.29       0.00          0.00
0.4814           Echo      0    14.94            29.88              0.30       0.00          0.00
0.4980           Echo      0    15.44            30.88              0.31       0.00          0.00
0.5146           Echo      0    15.94            31.87              0.32       0.00          0.00
0.5312           Echo      0    16.43            32.87              0.33       0.00          0.00
0.5478           Echo      0    16.93            33.86              0.34       0.00          0.00
0.5644           Echo      0    17.43            34.86              0.35       0.00          0.00
0.5810           Echo      0    17.93            35.86              0.36       0.00          0.00
0.5976           Echo      0    18.43            36.85              0.37       0.00          0.00
0.6142           Echo      0    18.92            37.85              0.38       0.00          0.00
0.6308           Echo      0    19.42            38.84              0.39       0.00          0.00
0.6474           Echo      0    19.92            39.84              0.41       0.00          0.00
0.6640           Echo      0    20.42            40.84              0.42       0.00          0.00
0.6806           Echo      0    20.92            41.83              0.43       0.00          0.00
0.6972           Echo      0    21.41            42.83              0.44       0.00          0.00
0.7138           Echo      0    21.91            43.82              0.45       0.00          0.00
0.7304           Echo      0    22.41            44.82              0.46       0.00          0.00
0.7470           Echo      0    22.91            45.82              0.47       0.00          0.00
0.7636           Echo      0    23.41            46.81              0.48       0.00          0.00
0.7802           Echo      0    23.90            47.81              0.49       0.00          0.00
0.7968           Echo      0    24.40            48.80              0.50       0.00          0.00
0.8134           Echo      0    24.90            49.80              0.51       0.00          0.00
0.8300           Echo      0    25.40            50.80              0.52       0.00          0.00
0.8466           Echo      0    25.90            51.79              0.53       0.00          0.00
0.8632           Echo      0    25.90            51.79              0.53       0.00          0.00
0.8798           Echo      0    25.90            51.79              0.53       0.02          0.00
0.8964           Echo      0    25.90            51.79              0.53       0.03          0.00
0.9130           Echo      0    25.90            51.79              0.53       0.05          0.00
0.9296           Echo      0    25.90            51.79              0.53       0.07          0.00
0.9462           Echo      0    25.90            51.79              0.53       0.08          0.00
0.9628           Echo      0    25.90            51.79              0.53       0.10          0.00
0.9794           Echo      0    25.90            51.79              0.53       0.12          0.00
0.9960           Echo      0    25.90            51.79              0.53       0.13          0.00